x=[1.12
1.12
1.12
1.12
1.12
1.12
1.12
1.12
1.12
1.12
1.12
1.12
1.12
1.12
1.12
1.12
1.12
1.12
1.12
1.12
1.12
1.12
1.12
1.12
1.12
1.12
1.12
1.12
1.12
1.12
1.12
1.12
1.12
1.12
1.12
1.12
1.12
1.12
1.12
1.12
1.12
1.12
1.12
1.12
1.12
1.12
1.12
1.12
1.12
1.12
1.12
1.12
1.12
1.12
1.12
1.12
1.12
1.12
1.12
1.12
1.12
1.12
1.12
1.12
1.12
1.12
1.12
1.12
1.12
1.12
1.12
1.12
1.12
1.12
1.12
1.12
1.12
1.12
1.12
1.12
1.12
1.12
1.12
1.12
1.12
1.12
1.12
1.12
1.12
1.12
1.12
1.12
1.12
1.12
1.12
1.12
1.12
1.12
1.12
1.12
1.12
1.12
1.12
1.12
1.12
1.12
1.12
1.12
1.12
1.12
1.12
1.12
1.12
1.12
1.12
1.12
1.12
1.12
1.12
1.12
1.12
1.12
1.12
1.12
1.12
1.12
1.12
1.12
1.12
1.12
1.12
1.12
1.12
1.12
1.12
1.12
1.12
1.12
1.12
1.12
1.12
1.12
1.12
1.12
1.12
1.12
1.12
1.12
1.12
1.12
1.12
1.12
1.12
1.12
1.12
1.12
1.12
1.12
1.12
1.12
1.12
1.12
1.12
1.12
1.12
1.12
1.12
1.12
1.12
1.12
1.12
1.12
1.12
1.12
1.12
1.12
1.12
1.12
1.12
1.12
1.12
1.12
1.12
1.12
1.12
1.12
1.12
1.12
1.12
1.12
1.12
1.12
1.12
1.12
1.12
1.12
1.12
1.12
1.12
1.12
1.12
1.12
1.12
1.12
1.12
1.12
1.12
1.12
1.12
1.12
1.12
1.12
1.12
1.12
1.12
1.12
1.12
1.12
1.12
1.12]
;

y=[1.12
1.12
1.12
1.12
1.12
1.12
1.12
1.12
1.12
1.12
1.12
1.12
1.12
1.12
1.12
1.12
1.12
1.12
1.12
1.12
1.12
1.12
1.12
1.12
1.12
1.12
1.12
1.12
1.12
1.12
1.12
1.12
1.12
1.12
1.12
1.12
1.12
1.12
1.12
1.12
1.12
1.12
1.12
1.12
1.12
1.12
1.12
1.12
1.12
1.12
1.12
1.12
1.12
1.12
1.12
1.12
1.12
1.12
1.12
1.12
1.12
1.12
1.12
1.12
1.12
1.12
1.12
1.12
1.12
1.12
1.12
1.12
1.12
1.12
1.12
1.12
1.12
1.12
1.12
1.12
1.12
1.12
1.12
1.12
1.12
1.12
1.12
1.12
1.12
1.12
1.12
1.12
1.12
1.12
1.12
1.12
1.12
1.12
1.12
1.12
1.12
1.12
1.12
1.12
1.12
1.12
1.12
1.12
1.12
1.12
1.12
1.12
1.12
1.12
1.12
1.12
1.12
1.12
1.12
1.12
1.12
1.12
1.12
1.12
1.12
1.12
1.12
1.12
1.12
1.12
1.12
1.12
1.12
1.12
1.12
1.12
1.12
1.12
1.12
1.12
1.12
1.12
1.12
1.12
1.12
1.12
1.12
1.12
1.12
1.12
1.12
1.12
1.12
1.12
1.12
1.12
1.12
1.12
1.12
1.12
1.12
1.12
1.12
1.12
1.12
1.12
1.12
1.12
1.12
1.12
1.12
1.12
1.12
1.12
1.12
1.12
1.12
1.12
1.12
1.12
1.12
1.12
1.12
1.12
1.12
1.12
1.12
1.12
1.12
1.12
1.12
1.12
1.12
1.12
1.12
1.12
1.12
1.12
1.12
1.12
1.12
1.12
1.12
1.12
1.12
1.12
1.12
1.12
1.12
1.12
1.12
1.12
1.12
1.12
1.12
1.12
1.12
1.12
1.12
1.12]
;
z=[1.12
1.136885933
1.153685288
1.170396785
1.187019152
1.203551123
1.219991438
1.236338847
1.252592104
1.268749971
1.284811217
1.300774621
1.316638965
1.332403042
1.348065652
1.363625601
1.379081705
1.394432786
1.409677676
1.424815213
1.439844246
1.454763628
1.469572225
1.484268908
1.498852558
1.513322065
1.527676327
1.54191425
1.55603475
1.570036752
1.58391919
1.597681006
1.611321153
1.624838591
1.638232292
1.651501234
1.664644409
1.677660815
1.69054946
1.703309363
1.715939553
1.728439067
1.740806954
1.753042271
1.765144088
1.777111482
1.788943543
1.800639368
1.812198067
1.823618761
1.834900579
1.846042663
1.857044163
1.867904241
1.878622072
1.889196839
1.899627735
1.909913968
1.920054754
1.930049319
1.939896904
1.949596759
1.959148144
1.968550332
1.977802608
1.986904266
1.995854614
2.00465297
2.013298664
2.021791037
2.030129443
2.038313247
2.046341825
2.054214567
2.061930872
2.069490153
2.076891834
2.084135352
2.091220155
2.098145704
2.104911471
2.11151694
2.117961609
2.124244988
2.130366597
2.13632597
2.142122653
2.147756206
2.153226199
2.158532215
2.163673851
2.168650714
2.173462427
2.178108622
2.182588945
2.186903056
2.191050626
2.195031338
2.198844891
2.202490993
2.205969367
2.209279747
2.212421883
2.215395534
2.218200474
2.220836489
2.22330338
2.225600957
2.227729046
2.229687484
2.231476124
2.233094828
2.234543473
2.235821948
2.236930158
2.237868016
2.238635453
2.239232408
2.239658837
2.239914708
2.24
2.239914708
2.239658837
2.239232408
2.238635453
2.237868016
2.236930158
2.235821948
2.234543473
2.233094828
2.231476124
2.229687484
2.227729046
2.225600957
2.22330338
2.220836489
2.218200474
2.215395534
2.212421883
2.209279747
2.205969367
2.202490993
2.198844891
2.195031338
2.191050626
2.186903056
2.182588945
2.178108622
2.173462427
2.168650714
2.163673851
2.158532215
2.153226199
2.147756206
2.142122653
2.13632597
2.130366597
2.124244988
2.117961609
2.11151694
2.104911471
2.098145704
2.091220155
2.084135352
2.076891834
2.069490153
2.061930872
2.054214567
2.046341825
2.038313247
2.030129443
2.021791037
2.013298664
2.00465297
1.995854614
1.986904266
1.977802608
1.968550332
1.959148144
1.949596759
1.939896904
1.930049319
1.920054754
1.909913968
1.899627735
1.889196839
1.878622072
1.867904241
1.857044163
1.846042663
1.834900579
1.823618761
1.812198067
1.800639368
1.788943543
1.777111482
1.765144088
1.753042271
1.740806954
1.728439067
1.715939553
1.703309363
1.69054946
1.677660815
1.664644409
1.651501234
1.638232292
1.624838591
1.611321153
1.597681006
1.58391919
1.570036752
1.55603475
1.54191425
1.527676327
1.513322065
1.498852558
1.484268908
1.469572225
1.454763628]
;
v=[-0.187677021
-0.18769349
-0.187708229
-0.187721404
-0.187733163
-0.187743639
-0.18775295
-0.187761204
-0.187768496
-0.187774912
-0.187780529
-0.187785416
-0.187789636
-0.187793245
-0.187796295
-0.187798831
-0.187800896
-0.187802526
-0.187803757
-0.18780462
-0.187805143
-0.187805354
-0.187805275
-0.18780493
-0.187804337
-0.187803517
-0.187802487
-0.187801262
-0.187799858
-0.187798289
-0.187796567
-0.187794704
-0.187792713
-0.187790603
-0.187788385
-0.187764547
-0.18777772
-0.187790369
-0.187802517
-0.187814186
-0.187825399
-0.187836176
-0.187846537
-0.1878565
-0.187866084
-0.187875307
-0.187884184
-0.187892731
-0.187900963
-0.187908894
-0.187916537
-0.187923906
-0.187931012
-0.187937866
-0.18794448
-0.187950863
-0.187957026
-0.187962978
-0.187968727
-0.187974281
-0.187979649
-0.187984838
-0.187989855
-0.187994707
-0.187999399
-0.188003938
-0.188008329
-0.188012578
-0.18801669
-0.188020669
-0.188024519
-0.188028245
-0.188031851
-0.188035341
-0.188038717
-0.188041984
-0.188045144
-0.1880482
-0.188051155
-0.188054012
-0.188056772
-0.188059439
-0.188062015
-0.188064501
-0.1880669
-0.188069213
-0.188071442
-0.188073589
-0.188075656
-0.188077643
-0.188079553
-0.188081387
-0.188083146
-0.188084831
-0.188086445
-0.188087986
-0.188089458
-0.188090861
-0.188092196
-0.188093465
-0.188094667
-0.188095804
-0.188096877
-0.188097887
-0.188098835
-0.18809972
-0.188100545
-0.18810131
-0.188102015
-0.188102662];














































































































