
%Milind Malshe's code for Multicomponent system

function [Vij] = tersoff_multi_components_plot(variables,dat,config)%GA
R=1.815;
D=0.335;
% variables(1)=[4615.9501;];
variables(2)=905.0261;%[748.8164;];%[1203.3071;];
% variables(3)=[5.7438;];
% variables(4)=[4.0398;];
% variables(7)=[3.6908;];
% variables(8)=[53.9473;];
% variables(9)=[99189.7805;];
% variables(10)=[51.5055;];
% variables(11)=[-0.0234;];

% variables(5)=0.0;
% variables(6)=0.0;

% %from ref
% variables(7)=1.1632e-7;
variables(7)=1.3956e-007;%[15.6261;];%[2.2894;];%[1.6832;];%[1.636;];%[1.6105;];%[2.5772;];%[2.5468;];%[2.1396;];%[1.8774;];%[2.3073;];
% %from ref
% variables(8)=1.04968;
variables(8)=9.2887;%[27.9418;];%[3.2402;];%[1.2788;];%[1.279;];%[1.188;];%[2.2105;];%[86.9149;];%[1.2638;];%[1.1129;];%[1.901;];%[165.7662;];
% %from ref
% variables(9)=6.46921e4;
variables(9)=[27020.5961;];%[22302.0801;];%[8132.7947;];%[33515.4994;];%[338961.0628;];%[96832.3463;];%[51460.2328;];%[25904.0196;];%[66064.7341;];%[38994.7491;];%[20392.5701;];%[41751.2619;];
% %from ref
% variables(10)=4.11127;
variables(10)=[266.9815;];%[763.6177;];%[599.6724;];%[966.2;];%[993.9476;];%[722.8071;];%[733.7412;];%[650.7634;];%[674.8377;];%[857.9496;];%[689.0046;];%[202.7552;];
% %from ref
% variables(11)=-.845922;
variables(11)=[-0.3702;];%[-0.5019;];%[-0.3452;];%[-0.6996;];%[-0.001;];%[-0.1436;];%[-0.8216;];%[-0.8697;];%[-0.1659;];%[-0.2361;];%[-0.1066;];%[-0.0946;];
% variables(12)=[4.8211;];%[2.305;];%[5.9999;];%[5.9999;];%[1.7819;];
% variables(13)=[86.8794;];%[40.626;];%[12.7827;];%[67.6839;];
% variables(14)=[81269.8973;];%[65200.8387;];%[90342.1952;];%[5295.137;];
% variables(15)=[195.1904;];%[320.4956;];%[815.5522;];%[814.751;];
% variables(16)=[-1;];%[0.098791093337264;];%[-1;];%[-0.564157177207233;];
% variables(17)=[4359.86;];%[9724.9417;];%[3184.8477;];
% variables(18)=[493.97;][560.2379;];%[930.5002;];
% variables(19)=[4.3485;];%[3.3973;];
% variables(20)=[8.4533;];%[3.5931;];

% %%C-C-C
% param(1,1,1,1)=1544.8;% type_1, type_2, type_3, A
% param(1,1,1,2)=389.63;% type_1, type_2, type_3, B
% param(1,1,1,3)=3.4653;% type_1, type_2, type_3, lamda1
% param(1,1,1,4)=2.3064;% type_1, type_2, type_3, lamda2
% param(1,1,1,5)=0.0;% type_1, type_2, type_3, lamda3
% param(1,1,1,6)=0.0;% type_1, type_2, type_3, alpha
% param(1,1,1,7)=variables(12);% type_1, type_2, type_3, beta
% param(1,1,1,8)=variables(13);% type_1, type_2, type_3, eta
% param(1,1,1,9)=variables(14);% type_1, type_2, type_3, c
% param(1,1,1,10)=variables(15);% type_1, type_2, type_3, d
% param(1,1,1,11)=variables(16);% type_1, type_2, type_3, h
% param(1,1,1,12)=1.95;% type_1, type_2, type_3, R
% param(1,1,1,13)=0.15;% type_1, type_2, type_3, D
% %%C-C-O
% param(1,1,2,1)=1544.8;% type_1, type_2, type_3, A
% param(1,1,2,2)=389.63;% type_1, type_2, type_3, B
% param(1,1,2,3)=3.4653;% type_1, type_2, type_3, lamda1
% param(1,1,2,4)=2.3064;% type_1, type_2, type_3, lamda2
% param(1,1,2,5)=0.0;% type_1, type_2, type_3, lamda3
% param(1,1,2,6)=0.0;% type_1, type_2, type_3, alpha
% param(1,1,2,7)=variables(12);% type_1, type_2, type_3, beta
% param(1,1,2,8)=variables(13);% type_1, type_2, type_3, eta
% param(1,1,2,9)=variables(14);% type_1, type_2, type_3, c
% param(1,1,2,10)=variables(15);% type_1, type_2, type_3, d
% param(1,1,2,11)=variables(16);% type_1, type_2, type_3, h
% param(1,1,2,12)=R;% type_1, type_2, type_3, R---------------------->
% param(1,1,2,13)=D;% type_1, type_2, type_3, D---------------------->
% %%C-O-C
% param(1,2,1,1)=variables(1);% type_1, type_2, type_3, A
% param(1,2,1,2)=variables(2);% type_1, type_2, type_3, B
% param(1,2,1,3)=variables(3);% type_1, type_2, type_3, lamda1
% param(1,2,1,4)=variables(4);% type_1, type_2, type_3, lamda2
% param(1,2,1,5)=variables(5);% type_1, type_2, type_3, lamda3
% param(1,2,1,6)=variables(6);% type_1, type_2, type_3, alpha
% param(1,2,1,7)=variables(12);%1.5724e-7;% type_1, type_2, type_3, beta
% param(1,2,1,8)=variables(13);%0.72751;% type_1, type_2, type_3, eta
% param(1,2,1,9)=variables(14);%3.8049e4;% type_1, type_2, type_3, c
% param(1,2,1,10)=variables(15);%4.384e0;% type_1, type_2, type_3, d
% param(1,2,1,11)=variables(16);%-0.57058;% type_1, type_2, type_3, h
% param(1,2,1,12)=1.95;% type_1, type_2, type_3, R
% param(1,2,1,13)=0.15;% type_1, type_2, type_3, D
% %%C-O-O
% param(1,2,2,1)=variables(1);% type_1, type_2, type_3, A
% param(1,2,2,2)=variables(2);% type_1, type_2, type_3, B
% param(1,2,2,3)=variables(3);% type_1, type_2, type_3, lamda1
% param(1,2,2,4)=variables(4);% type_1, type_2, type_3, lamda2
% param(1,2,2,5)=variables(5);% type_1, type_2, type_3, lamda3
% param(1,2,2,6)=variables(6);% type_1, type_2, type_3, alpha
% param(1,2,2,7)=variables(12);%1.5724e-7;% type_1, type_2, type_3, beta
% param(1,2,2,8)=variables(13);%0.72751;% type_1, type_2, type_3, eta
% param(1,2,2,9)=variables(14);%3.8049e4;% type_1, type_2, type_3, c
% param(1,2,2,10)=variables(15);%4.384e0;% type_1, type_2, type_3, d
% param(1,2,2,11)=variables(16);%-0.57058;% type_1, type_2, type_3, h
% param(1,2,2,12)=R;% type_1, type_2, type_3, R----------------->
% param(1,2,2,13)=D;% type_1, type_2, type_3, D------------------>
%%O-O-O
param(2,2,2,1)=variables(1);% type_1, type_2, type_3, A
param(2,2,2,2)=variables(2);% type_1, type_2, type_3, B
param(2,2,2,3)=variables(3);% type_1, type_2, type_3, lamda1
param(2,2,2,4)=variables(4);% type_1, type_2, type_3, lamda2
param(2,2,2,5)=0.0;% type_1, type_2, type_3, lamda3
param(2,2,2,6)=0.0;% type_1, type_2, type_3, alpha
param(2,2,2,7)=variables(7);% type_1, type_2, type_3, beta
param(2,2,2,8)=variables(8);% type_1, type_2, type_3, eta
param(2,2,2,9)=variables(9);% type_1, type_2, type_3, c
param(2,2,2,10)=variables(10);% type_1, type_2, type_3, d
param(2,2,2,11)=variables(11);% type_1, type_2, type_3, h
param(2,2,2,12)=R;% type_1, type_2, type_3, R
